4294967293,131
4294967293,130
4294967293,129
4294967293,128
4294967293,127
4294967293,126
4294967293,125
4294967293,124
4294967293,123
4294967293,122
4294967293,121
4294967293,120
4294967293,119
4294967293,118
4294967293,117
4294967293,116
4294967293,115
4294967293,114
4294967293,113
4294967293,112
4294967293,111
4294967293,110
4294967293,109
4294967293,108
4294967293,107
4294967293,106
4294967293,105
4294967293,104
4294967293,103
4294967293,102
4294967293,101
4294967293,100
4294967293,99
4294967293,98
4294967293,97
4294967293,96
4294967293,95
4294967293,94
4294967293,93
4294967293,92
4294967293,91
4294967293,90
4294967293,89
4294967293,87
4294967293,86
4294967293,85
4294967293,84
4294967293,83
4294967293,82
4294967293,81
4294967293,80
4294967293,79
4294967293,78
4294967293,77
4294967293,76
4294967293,75
4294967293,74
4294967293,73
4294967293,72
4294967293,71
4294967293,70
4294967293,69
4294967293,68
4294967293,67
4294967293,66
4294967293,65
4294967293,64
4294967293,63
4294967293,62
4294967293,61
4294967293,60
4294967293,59
4294967293,58
4294967293,57
4294967293,56
4294967293,55
4294967293,54
4294967293,53
4294967293,52
4294967293,51
4294967293,50
4294967293,49
4294967293,48
4294967293,47
4294967293,46
4294967293,45
4294967293,44
4294967293,43
4294967293,42
4294967293,41
4294967293,40
4294967293,39
4294967293,38
4294967293,37
4294967293,36
4294967293,35
4294967293,34
4294967293,33
4294967293,32
4294967293,31
4294967293,30
4294967293,29
4294967293,28
4294967293,27
4294967293,26
4294967293,25
4294967293,24
4294967293,23
4294967293,22
4294967293,21
4294967293,20
4294967293,19
4294967293,18
4294967293,17
4294967293,16
4294967293,15
4294967293,14
4294967293,13
4294967293,12
4294967293,11
4294967293,10
4294967293,9
4294967293,8
4294967293,7
4294967293,6
4294967293,5
4294967293,4
4294967293,3
4294967278,128
4294967278,126
4294967278,417
4294967278,429
4294967278,89
4294967278,87
4294967278,86
4294967278,85
4294967278,84
4294967278,83
4294967278,82
4294967278,81
4294967278,80
4294967278,79
4294967278,78
4294967278,293
4294967278,77
4294967278,76
4294967278,75
4294967278,74
4294967278,73
4294967278,72
4294967278,71
4294967278,70
4294967278,69
4294967278,68
4294967278,67
4294967278,66
4294967278,65
4294967278,64
4294967278,63
4294967278,62
4294967278,61
4294967278,31
4294967278,341
4294967278,21
4294967278,19
4294967278,18
4294967278,346
4294967278,0
4294967278,260
4294967278,13
4294967278,8
4294967278,4
4294967279,131
4294967279,130
4294967279,127
4294967279,124
4294967279,118
4294967279,116
4294967279,115
4294967279,113
4294967279,112
4294967279,395
4294967279,84
4294967279,83
4294967279,82
4294967279,75
4294967279,450
4294967279,72
4294967279,403
4294967279,71
4294967279,70
4294967279,69
4294967279,507
4294967279,62
4294967279,61
4294967279,57
4294967279,56
4294967279,55
4294967279,52
4294967279,41
4294967279,38
4294967279,36
4294967279,33
4294967279,32
4294967279,31
4294967279,28
4294967279,27
4294967279,26
4294967279,23
4294967279,19
4294967279,18
4294967279,308
4294967279,282
4294967279,16
4294967279,13
4294967279,9
4294967279,8
4294967279,6
4294967279,5
4294967279,4
4294967294,6
4294967279,161
4294967279,478
4294967294,428
4294967278,154
4501,6
4501,5
4501,4
4501,3
4501,2
4501,1
4294967278,342
4294967279,145
4294967278,141
4294967279,140
4294967279,273
4294967279,272
4498,6
4498,5
4498,4
4498,3
4498,2
4498,1
4294967279,407
4294967278,263
4294967278,261
4294967279,259
4294967279,397
4294967278,281
4495,6
4294967278,247
4495,5
4495,4
4495,3
4495,2
4495,1
4294967278,423
4294967279,237
4294967279,235
4294967279,231
4294967278,227
4294967279,219
4294967279,209
4294967279,406
4294967278,203
4294967278,205
4492,5
4492,4
4492,3
4492,2
4492,1
4490,6
4294967278,196
4490,5
4490,4
4490,3
4490,2
4490,1
4294967294,471
4489,5
4294967279,190
4489,4
4489,3
4489,2
4489,1
4294967278,427
4488,6
4488,5
4488,4
4488,3
4488,2
4488,1
4294967294,511
4294967294,1156
4487,6
4487,5
4487,4
4487,3
4487,2
4487,1
4294967278,399
4294967294,510
4294967279,491
4485,6
4294967278,165
4294967278,336
4486,5
4486,4
4486,3
4486,2
4486,1
4485,5
4485,4
4485,3
4485,2
4485,1
4294967279,509
4294967294,466
4294967294,462
4294967294,449
4294967294,508
4484,4
4294967279,149
4484,3
4484,2
4484,1
4294967278,443
4294967278,442
4294967279,275
4294967278,440
4294967294,478
4294967278,267
4294967278,289
4294967278,387
4294967278,337
4294967278,416
4294967278,415
4294967278,17
4294967278,16
4294967278,14
4294967279,498
4294967279,129
4294967279,128
4294967279,125
4294967279,114
4294967279,111
4294967279,475
4294967279,311
4294967279,384
4294967279,0
4294967279,25
4294967279,15
4294967279,12
4294967279,7
4294967294,1430
4294967294,170
4294967279,472
4483,6
4483,5
4483,4
4483,2
4483,1
4294967278,253
4294967279,246
4294967279,244
4294967279,233
4294967294,1428
4480,6
4480,5
4480,4
4480,3
4480,2
4480,1
4294967278,221
4294967279,214
4294967278,198
4477,6
4477,5
4477,4
4477,3
4477,2
4477,1
4294967278,194
4294967279,191
4294967279,185
4294967279,186
4294967278,181
4294967294,111
4294967294,108
4294967294,470
4294967279,179
4474,5
4474,4
4474,3
4474,2
4474,1
4294967279,164
4472,6
4472,5
4472,4
4472,3
4472,2
4472,1
4294967279,154
4471,5
4471,4
4471,3
4471,2
4471,1
4470,6
4470,5
4470,4
4470,3
4470,2
4470,1
4469,6
4469,5
4469,4
4294967279,294
4469,3
4469,2
4469,1
4294967294,457
4294967278,274
4294967278,371
4294967278,352
4467,6
4294967279,448
4468,5
4468,4
4468,3
4468,2
4468,1
4294967294,1427
4467,5
4467,4
4294967278,257
4467,3
4467,2
4467,1
4294967294,17
4294967294,76
4466,4
4466,3
4466,2
4466,1
4294967278,301
4294967279,399
4294967294,119
4294967294,1075
4294967294,173
4294967294,420
4294967294,1420
4294967294,26
4294967294,52
4294967294,41
4294967294,437
4294967294,474
4294967294,473
4294967294,25
4294967294,67
4294967294,22
4294967294,82
4294967294,83
0,5
4294967294,1429
4294967294,7
4294967294,5
4294967278,350
4294967278,404
4294967278,396
4294967278,48
4294967278,47
4294967278,256
4294967278,326
4294967278,41
4294967278,40
4294967278,38
4294967278,37
4294967278,36
4294967278,34
4294967278,397
4294967278,33
4294967278,32
4294967278,30
4294967278,406
4294967278,28
4294967278,382
4294967278,25
4294967278,412
4294967278,174
4294967278,318
4294967278,401
4294967278,15
4294967278,12
4294967278,11
4294967278,10
4294967278,9
4294967278,7
4294967278,6
4294967279,132
4294967279,126
4294967279,122
4294967279,121
4294967279,120
4294967279,497
4294967279,119
4294967279,117
4294967279,258
4294967279,110
4294967279,109
4294967279,302
4294967279,106
4294967279,105
4294967279,104
4294967279,103
4294967279,102
4294967279,101
4294967279,100
4294967279,99
4294967279,98
4294967279,97
4294967279,96
4294967279,95
4294967279,94
4294967279,93
4294967279,92
4294967279,91
4294967279,90
4294967279,89
4294967279,87
4294967279,86
4294967279,300
4294967279,304
4294967279,479
4294967279,281
4294967279,291
4294967279,290
4294967279,257
4294967279,506
4294967279,297
4294967279,418
4294967279,288
4294967279,503
4294967279,236
4294967279,134
4294967294,392
4294967279,394
4294967278,438
4465,6
4465,5
4465,4
4465,2
4465,1
4294967278,363
4294967279,201
4294967278,199
4462,6
4462,5
4462,4
4462,3
4462,2
4462,1
4294967278,434
4294967279,178
4294967279,172
4294967279,393
4294967278,446
4459,6
4459,5
4459,4
4459,3
4459,2
4459,1
4294967278,152
4294967279,402
4294967278,432
4294967279,463
4294967279,501
4294967294,423
4294967294,180
4456,5
4456,4
4456,3
4456,2
4456,1
4454,6
4454,5
4454,4
4454,3
4454,2
4454,1
4294967279,296
4294967279,261
4294967278,5
4453,5
4453,4
4453,3
4453,2
4453,1
4294967294,1081
4294967294,1079
4294967294,162
4294967279,442
4452,6
4452,5
4294967279,123
4294967279,256
4452,4
4452,3
4452,2
4452,1
4294967278,431
4451,6
4451,5
4451,4
4294967278,239
4451,3
4451,2
4451,1
4294967279,249
4449,6
4294967294,402
4294967279,245
4294967279,108
4294967279,107
4450,5
4450,4
4450,3
4450,2
4450,1
4294967279,499
4294967279,494
4449,5
4294967294,176
4449,4
4449,3
4449,2
4449,1
4294967294,507
4448,4
4448,3
4448,2
4448,1
4294967279,480
4294967278,369
4294967279,388
4294967278,428
4294967278,359
4294967279,496
4294967279,385
4294967278,368
4294967294,395
4294967294,398
4294967294,418
4294967294,113
4294967294,397
4294967278,426
4294967279,174
4294967279,511
4447,6
4447,5
4447,4
4447,2
4447,1
4294967279,420
4294967278,163
4294967278,161
4294967278,146
4444,6
4444,5
4444,4
4444,3
4444,2
4444,1
4294967279,508
4294967294,393
4294967279,228
4441,6
4441,5
4441,4
4441,3
4441,2
4441,1
4294967279,424
4294967279,279
4294967278,378
4294967278,376
4294967279,255
4294967278,252
4294967278,424
4294967279,157
4294967278,422
4294967279,229
4438,5
4438,4
4438,3
4438,2
4438,1
4294967294,504
4294967294,110
4294967278,439
4436,6
4436,5
4436,4
4436,3
4436,2
4436,1
4294967279,210
4435,5
4435,4
4435,3
4435,2
4435,1
4434,6
4294967278,421
4434,5
4434,4
4434,3
4434,2
4434,1
4433,6
4433,5
4294967279,194
4433,4
4433,3
4433,2
4433,1
4294967278,190
4294967278,188
4294967278,189
4294967278,433
4431,6
4294967279,187
4294967294,396
4294967294,116
4432,5
4432,4
4432,3
4432,2
4432,1
4294967294,182
4294967278,418
4431,5
4294967279,173
4431,4
4431,3
4431,2
4431,1
4430,4
4430,3
4430,2
4430,1
4294967278,420
4294967278,330
4294967279,241
3189,5
3196,4
4294967278,321
4294967278,311
4294967278,46
4294967278,45
4294967278,44
4294967278,29
4294967278,27
4294967278,26
4294967278,24
4294967278,23
4294967278,22
4294967278,362
4294967278,315
4294967279,222
4294967279,251
4294967279,457
4294967279,239
4294967279,490
4294967279,243
4294967279,280
4294967279,284
4294967279,387
4294967279,226
3196,5
3189,4
4294967278,419
4294967278,136
4429,6
4429,5
4429,4
4429,2
4429,1
4294967279,266
4294967278,264
4294967278,377
4294967279,429
4426,6
4426,5
4426,4
4294967278,356
4426,3
4426,2
4426,1
4294967279,242
4294967279,223
4423,6
4423,5
4423,4
4423,3
4423,2
4423,1
4294967279,204
4294967294,408
4294967294,411
4294967294,179
4294967294,1244
4294967294,1246
4294967278,187
4420,5
4420,4
4420,3
4420,2
4420,1
4294967278,184
4294967279,182
4418,6
4418,5
4418,4
4294967279,177
4418,3
4418,2
4418,1
4294967278,173
4294967278,171
4417,5
4417,4
4417,3
4417,2
4417,1
4294967294,509
4416,6
4416,5
4416,4
4416,3
4416,2
4416,1
4294967294,506
4294967278,160
4415,6
4415,5
4415,4
4415,3
4415,2
4415,1
4294967294,505
4413,6
4294967278,150
4294967294,406
4294967294,410
4294967294,175
4294967278,353
4294967278,147
4414,5
4414,4
4414,3
4414,2
4414,1
4413,5
4413,4
4413,3
4413,2
4413,1
4294967279,477
4412,4
4412,3
4412,2
4412,1
4294967279,481
4294967278,414
4294967278,413
4294967294,1066
4294967294,1069
4294967294,1082
4294967278,364
4294967278,411
4294967278,410
4294967278,348
4294967278,316
4294967278,360
4294967278,361
4294967278,436
4294967278,344
4294967278,351
4294967278,20
4294967279,487
4294967279,414
4294967279,85
4294967279,460
4294967279,462
4294967279,488
4294967278,334
4294967279,500
4411,6
4411,5
4411,4
4411,2
4411,1
4294967279,495
4294967278,219
4294967279,215
4294967278,215
4294967294,503
4294967279,206
4408,6
4294967279,203
4408,5
4408,4
4294967279,202
4408,3
4408,2
4408,1
4294967279,493
4294967279,306
4294967279,492
4294967279,195
4294967279,192
4294967279,183
4405,6
4405,5
4294967278,177
4405,4
4405,3
4405,2
4405,1
4294967278,408
4294967279,167
4294967279,467
4294967278,327
4294967278,407
4402,5
4402,4
4402,3
4402,2
4402,1
4294967294,502
4400,6
4400,5
4400,4
4400,3
4400,2
4400,1
4294967279,135
4294967279,489
4399,5
4399,4
4294967279,293
4399,3
4399,2
4399,1
4294967294,501
4398,6
4294967294,391
4294967278,338
4398,5
4398,4
4398,3
4398,2
4398,1
4294967294,500
4294967279,265
4397,6
4397,5
4294967294,1085
4397,4
4397,3
4397,2
4397,1
4294967279,425
4294967294,499
4294967278,244
4294967278,226
4395,6
4294967279,264
4294967279,390
4294967278,285
4294967279,428
4396,5
4294967294,387
4396,4
4396,3
4396,2
4396,1
4294967294,498
4395,5
4294967279,240
4395,4
4395,3
4395,2
4395,1
4294967278,313
4394,4
4394,3
4394,2
4394,1
4294967278,322
4294967279,486
4294967279,485
4294967279,484
4294967279,483
4294967278,320
4294967294,191
4294967294,459
4294967294,450
4294967294,414
4294967279,482
4294967294,38
4294967294,37
4294967294,36
4294967294,39
4294967278,296
4294967278,332
4294967279,310
4294967279,247
4294967278,403
4294967279,199
4294967279,451
4294967278,402
4393,6
4393,5
4393,4
4393,2
4393,1
4294967278,400
4294967279,181
4294967278,179
4294967278,178
4294967278,176
4294967279,169
4390,6
4294967278,164
4390,5
4390,4
4390,3
4390,2
4390,1
4294967278,398
4294967278,153
4294967279,153
4294967294,497
4387,6
4387,5
4387,4
4294967278,139
4387,3
4387,2
4387,1
4294967279,401
4294967278,222
4294967294,1158
4294967278,430
4294967279,443
4384,5
4384,4
4384,3
4384,2
4384,1
4294967279,427
4294967279,441
4382,6
4382,5
4382,4
4382,3
4382,2
4382,1
4294967278,238
4381,5
4381,4
4381,3
4381,2
4381,1
4294967294,496
4380,6
4380,5
4380,4
4380,3
4380,2
4380,1
4294967294,495
4294967278,214
4294967278,286
4294967279,277
4379,6
4294967294,89
4294967294,1074
4294967278,213
4379,5
4294967278,211
4379,4
4379,3
4379,2
4379,1
4294967278,234
4377,6
4378,5
4378,4
4378,3
4378,2
4378,1
4377,5
4294967278,191
4377,4
4377,3
4377,2
4377,1
4376,4
4376,3
4376,2
4376,1
4294967279,391
4294967294,1426
4294967294,40
4294967278,127
4294967278,125
4294967278,124
4294967278,123
4294967278,120
4294967278,119
4294967278,325
4294967278,117
4294967278,111
4294967278,109
4294967278,108
4294967278,307
4294967278,103
4294967278,101
4294967278,100
4294967278,99
4294967278,98
4294967278,93
4294967278,90
4294967278,255
4294967278,60
4294967278,59
4294967278,58
4294967278,57
4294967278,56
4294967278,55
4294967278,393
4294967278,42
4294967278,324
4294967278,39
4294967278,246
4294967279,313
4294967279,434
4294967279,471
4294967279,234
4294967279,315
4294967294,1431
4294967279,155
4375,6
4375,5
4375,4
4375,2
4375,1
4294967279,147
4294967278,145
4294967279,144
4294967279,142
4294967278,140
4294967279,276
4294967279,270
4294967278,270
4372,6
4372,5
4372,4
4294967279,268
4372,3
4372,2
4372,1
4294967279,476
4294967279,474
4294967278,280
4294967279,470
4294967294,161
4294967294,1077
4294967294,1153
4294967279,440
4369,6
4369,5
4369,4
4369,3
4369,2
4369,1
4294967279,238
4294967278,237
4294967278,231
4294967294,1078
4294967294,112
4294967294,448
4294967279,221
4294967279,212
4294967278,394
4294967279,205
4366,5
4366,4
4366,3
4366,2
4366,1
4294967278,204
4294967278,202
4294967278,201
4364,6
4364,5
4364,4
4364,3
4364,2
4364,1
4363,5
4363,4
4363,3
4363,2
4363,1
4294967279,455
4362,6
4362,5
4362,4
4362,3
4362,2
4362,1
4294967278,180
4294967279,468
4361,6
4361,5
4361,4
4361,3
4361,2
4361,1
4294967279,405
4294967278,169
4294967278,170
4359,6
4294967279,421
4294967294,388
4294967294,164
4294967294,403
4294967279,165
4294967294,1425
4294967294,1072
4294967294,186
4294967294,1067
4360,5
4360,4
4360,3
4360,2
4360,1
4294967279,419
4359,5
4359,4
4359,3
4359,2
4359,1
4294967294,99
4358,4
4358,3
4358,2
4358,1
4294967278,295
0,7
4294967294,1
4294967294,29
4294967279,466
4294967278,392
4294967279,404
4294967294,0
4294967278,303
4294967294,1157
4294967294,46
4294967294,45
4294967294,389
4294967294,390
4294967294,424
4294967294,114
4294967294,120
4294967294,115
4294967294,28
4294967279,267
4294967278,287
4294967294,68
4294967294,11
4294967278,131
4294967278,130
4294967278,129
4294967278,279
4294967278,121
4294967278,118
4294967278,116
4294967278,114
4294967278,112
4294967278,374
4294967278,107
4294967278,106
4294967278,384
4294967278,97
4294967278,94
4294967278,232
4294967278,91
4294967278,306
4294967278,54
4294967278,53
4294967278,43
4294967278,35
4294967278,294
4294967278,228
4294967279,307
4294967279,454
4294967279,439
4294967279,417
4294967279,505
4294967279,447
4294967279,445
4294967278,409
4294967278,379
4357,6
4357,5
4357,4
4357,2
4357,1
4294967278,249
4294967279,250
4294967278,243
4294967278,241
4294967279,227
4354,6
4354,5
4354,4
4354,3
4354,2
4354,1
4294967278,385
4294967278,212
4294967278,405
4294967278,319
4294967278,200
4294967294,160
4294967279,200
4351,6
4351,5
4351,4
4294967278,195
4351,3
4351,2
4351,1
4294967279,465
4294967279,188
4294967278,185
4294967278,317
4294967278,218
4294967278,172
4294967278,166
4348,5
4348,4
4348,3
4348,2
4348,1
4294967279,168
4294967279,166
4294967294,487
4294967279,163
4346,6
4346,5
4346,4
4346,3
4346,2
4346,1
4294967279,156
4294967278,155
4345,5
4345,4
4345,3
4345,2
4345,1
4294967278,297
4294967279,150
4294967294,486
4344,6
4344,5
4344,4
4344,3
4344,2
4344,1
4294967294,485
4294967278,142
4343,6
4294967278,138
4294967294,1057
4294967294,1084
4343,5
4294967278,278
4343,4
4343,3
4343,2
4343,1
4294967278,380
4294967294,484
4341,6
4294967279,133
4294967278,271
4294967294,409
4294967294,456
4294967278,266
4342,5
4342,4
4342,3
4342,2
4342,1
4294967294,483
4294967279,263
4341,5
4341,4
4341,3
4341,2
4341,1
4340,4
4340,3
4340,2
4340,1
4294967279,423
4294967294,44
4294967294,2
4294967278,312
4294967278,310
4294967278,308
4294967294,107
4294967294,91
4294967294,90
4294967294,87
4294967294,86
4294967294,85
4294967294,84
4294967294,1247
4294967294,1086
4294967294,1245
4294967294,417
4294967294,53
4294967294,1423
4294967294,42
4294967294,96
4294967294,94
4294967278,275
4294967294,9
4294967294,8
4294967278,132
4294967278,122
4294967278,115
4294967278,113
4294967278,110
4294967278,105
4294967278,104
4294967278,102
4294967278,96
4294967278,95
4294967278,92
4294967278,224
4294967278,354
4294967278,300
4294967278,291
4294967278,52
4294967278,51
4294967278,50
4294967278,49
4294967279,416
4294967279,81
4294967279,80
4294967279,79
4294967279,78
4294967279,77
4294967279,76
4294967279,305
4294967279,74
4294967279,73
4294967279,68
4294967279,67
4294967279,66
4294967279,65
4294967279,64
4294967279,63
4294967279,60
4294967279,260
4294967279,59
4294967279,58
4294967279,54
4294967279,53
4294967279,51
4294967279,502
4294967279,50
4294967279,49
4294967279,48
4294967279,47
4294967279,46
4294967279,45
4294967279,44
4294967279,43
4294967279,42
4294967279,40
4294967279,39
4294967279,37
4294967279,35
4294967279,34
4294967279,30
4294967279,29
4294967279,24
4294967279,22
4294967279,21
4294967279,20
4294967279,17
4294967279,14
4294967279,11
4294967279,10
4294967279,464
4339,6
4339,5
4339,4
4339,2
4339,1
4294967279,410
4294967279,197
4336,6
4336,5
4294967278,183
4336,4
4294967279,184
4336,3
4336,2
4336,1
4294967279,461
4294967278,182
4294967294,184
4294967278,168
4294967278,162
4333,6
4333,5
4294967278,158
4333,4
4294967279,159
4333,3
4333,2
4333,1
4294967278,304
4294967278,151
4294967278,149
4294967279,148
4294967278,143
4294967294,482
4294967279,271
4330,5
4330,4
4330,3
4330,2
4330,1
4294967279,398
4294967278,268
4294967278,283
4328,6
4294967294,481
4294967278,302
4294967278,220
4328,5
4328,4
4328,3
4328,2
4328,1
4294967278,258
4327,5
4327,4
4327,3
4327,2
4327,1
4326,6
4294967294,480
4294967278,254
4326,5
4326,4
4326,3
4326,2
4326,1
4294967279,254
4294967279,252
4294967279,473
4294967278,248
4325,6
4294967279,248
4294967279,318
4294967278,245
4325,5
4325,4
4325,3
4325,2
4325,1
4294967278,389
4323,6
4294967279,459
4294967278,441
4294967278,276
4294967279,458
4324,5
4324,4
4324,3
4324,2
4324,1
4323,5
4294967294,163
4323,4
4323,3
4323,2
4323,1
4322,4
4322,3
4322,2
4322,1
4294967294,183
4294967294,596
4294967294,412
4294967294,467
4294967278,447
4294967278,284
4294967279,453
4294967279,452
4294967279,449
4294967278,390
4294967278,391
4294967278,216
4294967278,373
4294967278,88
4294967278,2
4294967278,383
4294967278,288
4294967278,365
4294967279,415
4294967279,289
4294967279,269
4294967279,316
4294967294,1422
4321,6
4321,5
4321,4
4321,2
4321,1
4294967279,170
4294967279,160
4294967278,157
4294967279,158
4294967278,156
4294967294,1071
4294967279,152
4294967279,151
4294967278,148
4318,6
4318,5
4318,4
4318,3
4318,2
4318,1
4294967278,299
4294967278,343
4294967279,286
4294967278,437
4294967279,137
4294967279,292
4294967278,425
4294967278,262
4315,6
4315,5
4294967279,283
4315,4
4315,3
4315,2
4315,1
4294967278,329
4294967279,444
4294967278,388
4294967279,312
4294967294,168
4294967278,229
4312,5
4312,4
4312,3
4312,2
4312,1
4294967278,225
4310,6
4310,5
4310,4
4310,3
4310,2
4310,1
4294967279,213
4294967278,209
4294967278,210
4294967279,211
4309,5
4294967278,208
4309,4
4309,3
4309,2
4309,1
4294967279,208
4294967279,207
4294967279,413
4308,6
4308,5
4308,4
4308,3
4308,2
4308,1
4294967278,197
4307,6
4294967294,1152
4294967294,401
4294967279,196
4307,5
4294967278,193
4307,4
4294967278,192
4307,3
4307,2
4307,1
4294967278,435
4294967279,193
4294967279,504
4294967279,411
4305,6
4294967278,386
4306,5
4306,4
4306,3
4306,2
4306,1
4294967279,176
4305,5
4305,4
4305,3
4305,2
4305,1
4304,4
4304,3
4304,2
4304,1
4294967278,167
4294967279,389
4294967279,138
4294967279,409
4294967279,136
4294967279,469
4294967278,445
4294967278,444
4294967278,277
4294967279,309
4294967278,298
4294967278,395
4294967294,405
4294967294,384
4294967294,386
4294967294,109
4294967294,458
4294967278,144
4294967278,290
4294967278,292
4294967278,366
4294967278,335
4294967279,274
4294967279,88
4294967279,412
4294967279,386
4294967279,408
4303,6
4303,5
4303,4
4303,2
4303,1
